1	        0.9116963  0.8182287 0.8182338	0.9999912	0.8182306  0.9524995	0.9236712	0.9840395	0.8182315	0.8182265
0.9116963	1	       0.953687	 0.9536893	0.9128141	0.953688   0.9924421	0.999128	0.8527673	0.953688	0.9536862
0.8182287	0.953687   1	     1	        0.8193266	1	       0.9386011	0.9497266	0.7567101	1	        1
0.8182338	0.9536893  1	     1	        0.8193316	1	       0.9386042	0.9497293	0.7567152	1	        1
0.9999912	0.9128141  0.8193266 0.8193316	1	        0.8193285   0.9532622	0.9246348	0.9839075	0.8193294	0.8193243
0.8182306	0.953688   1	     1	        0.8193285	1	       0.9386024	0.9497278	0.756712	1           1
0.9524995	0.9924421  0.9386011 0.9386042	0.9532622   0.9386024  1	        0.9953926	0.9081368	0.9386026	0.9385999
0.9236712	0.999128   0.9497266 0.9497293	0.9246348   0.9497278  0.9953926	1	        0.8659711	0.9497279	0.9497257
0.9840395	0.8527673  0.7567101 0.7567152	0.9839075   0.756712   0.9081368	0.8659711	1	        0.7567129	0.7567077
0.8182315	0.953688   1	     1	        0.8193294	1	       0.9386026    0.9497279	0.7567129	1	        1
0.8182265	0.9536862  1	     1	        0.8193243	1	       0.9385999    0.9497257	0.7567077	1	        1