rs1193179	0.00038	    0.0381989	0.0381989	0.0393067	0.0165529	0.198152	0.0381989	0.0381989	0.0008477	0.0331057	0.032867
rs932206	0.00084	    0.0847723	0.0423862	0.0436154	0.0367347	0.219873	0.0839246	0.0839246	0.0052778	0.0367347	0.0364698
rs1978717	0.00459	    0.459904	0.131946	0.135772	0.199292	0.684453	0.423112	0.450706	0.0092941	0.114353	0.113529
rs11084127	0.00527	    0.527784	0.131946	0.135772	0.228706	0.684453	0.485561	0.51195	    0.0114679	0.114353	0.113529
rs1111875	0.00806	    0.80906	    0.154902	0.159394	0.350593	0.803536	0.736245	0.776698	0.0167201	0.134248	0.133281
rs11084128	0.0092	    0.929413	0.154902	0.159394	0.402745	0.803536	0.799295	0.882942	0.0178356	0.134248	0.133281
rs282705	0.0114679	1	        0.162249	0.166955	0.496941	0.841649	0.894493	1	        0.0178474	0.140616	0.139602
rs1836002	0.0160445	1	        0.162249	0.166955	0.69526	    0.841649	0.99761	    1	        0.0357814	0.140616	0.139602
rs3740878	0.0167201	1	        0.162249	0.166955	0.724536	0.841649	0.99761	    1	        0.0367914	0.140616	0.139602
rs11037909	0.0178356	1	        0.162249	0.166955	0.772877	0.841649	0.99761	    1	        0.0368477	0.140616	0.139602
rs8101509	0.0178474	1	        0.162249	0.166955	0.773388	0.841649	0.99761	    1	        0.03693	    0.140616	0.139602	
